data	D00035	D00110	D00136	D00195	D00219	D00225	D00227	D00228	D00234	D00252	D00274	D00283	D00293	D00294	D00303	D00319	D00326	D00329	D00331	D00332	D00335	D00336	D00338	D00340	D00345	D00349	D00351	D00354	D00358	D00364	D00367	D00373	D00379	D00380	D00392	D00394	D00418	D00437	D00438	D00451	D00456	D00464	D00474	D00477	D00480	D00495	D00499	D00504	D00512	D00513	D00519	D00521	D00524	D00528	D00530	D00533	D00536	D00537	D00538	D00539	
D00035	1.0	0.74653	0.68534	0.73182	0.70386	0.60227	0.67481	0.63158	0.63482	0.66985	0.66727	0.63287	0.61464	0.60919	0.66046	0.6673	0.61595	0.66046	0.64784	0.59653	0.68861	0.68475	0.66092	0.64874	0.65961	0.67935	0.71055	0.59139	0.65024	0.68191	0.64823	0.61619	0.69504	0.66712	0.65454	0.64864	0.6884	0.67718	0.64038	0.7089	0.61517	0.6318	0.67201	0.64936	0.59696	0.60001	0.63103	0.67923	0.66611	0.61211	0.66422	0.66576	0.62913	0.61043	0.64768	0.66712	0.67089	0.7023	0.62736	0.53016	
D00110	0.49957	1.0	0.55404	0.70605	0.55464	0.49757	0.56194	0.47482	0.53717	0.54254	0.60614	0.54356	0.56194	0.47495	0.57497	0.59251	0.5431	0.61957	0.54089	0.44032	0.54406	0.59829	0.60409	0.5431	0.50734	0.58176	0.71363	0.44584	0.51401	0.59136	0.51559	0.50128	0.47181	0.55397	0.45614	0.54646	0.44618	0.58507	0.58613	0.5662	0.60723	0.48914	0.55757	0.55767	0.49539	0.47058	0.52405	0.51622	0.53443	0.50106	0.50128	0.67942	0.47831	0.48593	0.50045	0.59926	0.58471	0.63922	0.49368	0.44818	
D00136	0.44998	0.59503	1.0	0.59314	0.53315	0.6114	0.65027	0.55271	0.70964	0.58452	0.78808	0.67534	0.60735	0.57086	0.69778	0.60631	0.62222	0.69817	0.61928	0.49291	0.64105	0.6512	0.68058	0.58397	0.6039	0.60811	0.71504	0.56272	0.61328	0.6811	0.75124	0.54457	0.5283	0.67352	0.47229	0.67864	0.47226	0.60838	0.6399	0.60469	0.56875	0.63308	0.58319	0.62191	0.59945	0.5089	0.54985	0.54056	0.68258	0.58845	0.57583	0.6712	0.47253	0.53266	0.63686	0.5979	0.57901	0.6314	0.51534	0.48304	
D00195	0.45502	0.64663	0.49188	1.0	0.48944	0.46044	0.51877	0.47924	0.5216	0.41172	0.51289	0.46044	0.47496	0.42073	0.48676	0.50215	0.44999	0.47553	0.43735	0.41057	0.51357	0.55116	0.4723	0.42238	0.47269	0.51762	0.61269	0.42337	0.44411	0.49158	0.459	0.47346	0.48629	0.44961	0.38636	0.444	0.46205	0.4898	0.53492	0.45939	0.4859	0.44588	0.42492	0.4442	0.42804	0.39754	0.45245	0.39754	0.43717	0.4631	0.41602	0.53444	0.43288	0.44127	0.44959	0.4313	0.42681	0.59004	0.37933	0.39745	
D00219	0.48479	0.6343	0.56936	0.61771	1.0	0.52169	0.64568	0.57601	0.56254	0.54787	0.65764	0.50668	0.61327	0.64564	0.59369	0.59793	0.66093	0.63454	0.62813	0.54616	0.91211	0.80596	0.62056	0.61977	0.622	0.64677	0.68557	0.52346	0.5096	0.60663	0.52156	0.56662	0.87623	0.58959	0.50847	0.47001	0.62209	0.65936	0.68902	0.57701	0.52835	0.58496	0.5795	0.50887	0.54337	0.55569	0.63668	0.52782	0.54207	0.49515	0.61081	0.71527	0.49458	0.58946	0.59027	0.60418	0.57011	0.66442	0.49964	0.5131	
D00225	0.39773	0.60114	0.67477	0.59546	0.55157	1.0	0.64607	0.63498	0.7377	0.58739	0.69241	0.64902	0.58206	0.57162	0.6355	0.63579	0.61921	0.64856	0.59058	0.43348	0.68921	0.67656	0.62154	0.52694	0.63499	0.63532	0.70306	0.62314	0.57662	0.67398	0.72585	0.6253	0.50804	0.57223	0.46923	0.62375	0.48543	0.63602	0.65514	0.57393	0.65903	0.75037	0.54602	0.57677	0.5983	0.47484	0.48543	0.50498	0.62937	0.59253	0.51773	0.63743	0.45468	0.60175	0.66306	0.60283	0.5507	0.62677	0.52042	0.4288	
D00227	0.40011	0.507	0.55413	0.52552	0.52207	0.50742	1.0	0.47775	0.54185	0.51104	0.58479	0.52067	0.52943	0.50744	0.54336	0.55122	0.51152	0.54875	0.53771	0.42292	0.56087	0.56126	0.53571	0.53134	0.57035	0.56755	0.61595	0.52468	0.48075	0.52634	0.50206	0.48103	0.49527	0.52149	0.46661	0.50046	0.46582	0.53806	0.57545	0.56238	0.52356	0.53722	0.51003	0.49061	0.5183	0.49361	0.4957	0.4657	0.49848	0.51989	0.51481	0.56844	0.47549	0.53886	0.55632	0.52119	0.47847	0.52803	0.47838	0.45448	
D00228	0.44414	0.60228	0.63629	0.64668	0.63575	0.66728	0.637	1.0	0.7162	0.56728	0.68189	0.55924	0.61449	0.55165	0.56947	0.58846	0.60191	0.64869	0.60657	0.48304	0.70163	0.70822	0.63505	0.56912	0.63748	0.59169	0.68723	0.52548	0.49049	0.61017	0.56963	0.87703	0.63509	0.55028	0.48864	0.54178	0.55674	0.62557	0.63723	0.68071	0.54687	0.56301	0.52328	0.52344	0.56403	0.49425	0.48963	0.49425	0.4959	0.50781	0.5707	0.67725	0.47282	0.56728	0.59243	0.58409	0.51121	0.63773	0.46161	0.44414	
D00234	0.38635	0.53717	0.6683	0.56886	0.47491	0.63414	0.59122	0.58874	1.0	0.54323	0.61746	0.63414	0.55062	0.49795	0.65249	0.56005	0.56575	0.5856	0.55118	0.40635	0.59682	0.65895	0.54782	0.49885	0.5819	0.57969	0.72954	0.51308	0.53527	0.62857	0.66244	0.5922	0.50509	0.55397	0.42148	0.61543	0.4671	0.57418	0.61142	0.5439	0.57291	0.58075	0.50095	0.55767	0.58562	0.43662	0.46848	0.45961	0.57937	0.55767	0.4903	0.67071	0.43337	0.52024	0.567	0.53271	0.49379	0.56316	0.48201	0.42519	
D00252	0.52759	0.7178	0.72936	0.62101	0.66736	0.68427	0.71706	0.63757	0.71849	1.0	0.72947	0.77403	0.71847	0.59872	0.67962	0.71061	0.68683	0.81317	0.75422	0.47436	0.6821	0.67994	0.80397	0.68752	0.69155	0.71935	0.73787	0.56176	0.60348	0.81864	0.72184	0.63769	0.54344	0.60065	0.4797	0.8673	0.48128	0.70399	0.6948	0.68427	0.68838	0.70764	0.60595	0.57169	0.7591	0.44877	0.52033	0.68953	0.69795	0.65817	0.70239	0.70876	0.48093	0.53559	0.72311	0.94706	0.69054	0.6202	0.70994	0.44734	
D00274	0.42032	0.60614	0.74825	0.5723	0.57957	0.58885	0.63973	0.55443	0.61746	0.55421	1.0	0.59058	0.64154	0.58818	0.60824	0.62799	0.63368	0.69882	0.57417	0.47429	0.58744	0.62862	0.67237	0.54345	0.68553	0.5694	0.71388	0.53538	0.59347	0.58315	0.64083	0.55824	0.55107	0.61058	0.46712	0.61543	0.46744	0.57451	0.62969	0.55557	0.58562	0.625	0.58021	0.6486	0.58458	0.49357	0.55802	0.51622	0.56839	0.53538	0.52496	0.69929	0.48963	0.55421	0.56839	0.61093	0.55005	0.60177	0.48201	0.47082	
D00283	0.42833	0.64712	0.73871	0.60762	0.53655	0.64902	0.67175	0.52694	0.7377	0.68791	0.69414	1.0	0.62843	0.57209	0.68818	0.65988	0.66418	0.74025	0.64418	0.4728	0.65684	0.65603	0.67846	0.55754	0.65994	0.63674	0.74273	0.5471	0.61903	0.80265	0.65028	0.53256	0.5516	0.6033	0.485	0.76192	0.46966	0.62614	0.65571	0.58969	0.6595	0.6289	0.59239	0.66857	0.6762	0.50544	0.56193	0.55913	0.6595	0.65327	0.57752	0.70574	0.46905	0.55678	0.67765	0.65886	0.57519	0.62677	0.58988	0.48953	
D00293	0.43359	0.69736	0.70692	0.65049	0.68298	0.62512	0.68738	0.6262	0.68604	0.64605	0.77697	0.67149	1.0	0.71486	0.64057	0.65384	0.70844	0.80099	0.63602	0.50008	0.69421	0.74195	0.80488	0.61752	0.70692	0.64215	0.69735	0.57864	0.60196	0.6531	0.62519	0.64084	0.65707	0.64693	0.53144	0.60123	0.55886	0.64212	0.66905	0.61076	0.72762	0.59195	0.70279	0.66969	0.52333	0.52163	0.56728	0.61509	0.62416	0.56728	0.55301	0.73988	0.47977	0.62856	0.60109	0.69768	0.66688	0.63119	0.58146	0.52042	
D00294	0.46694	0.65021	0.7157	0.63002	0.76513	0.6685	0.7082	0.62194	0.6732	0.59872	0.76344	0.66897	0.77521	1.0	0.65225	0.68652	0.65371	0.78621	0.6381	0.51418	0.74554	0.75008	0.77593	0.6724	0.76717	0.68469	0.69709	0.57829	0.56304	0.7157	0.65524	0.6225	0.68642	0.6217	0.54182	0.5864	0.54104	0.70399	0.6948	0.63837	0.63797	0.70606	0.54282	0.56235	0.65512	0.57008	0.65817	0.50757	0.63692	0.53985	0.67152	0.68859	0.5422	0.66	0.68108	0.67537	0.54962	0.65852	0.48816	0.54905	
D00303	0.43286	0.6387	0.71588	0.60019	0.57473	0.58808	0.64828	0.4936	0.71622	0.54685	0.67197	0.64076	0.55522	0.51948	1.0	0.69873	0.56058	0.58504	0.59839	0.49172	0.68061	0.68864	0.56702	0.53362	0.64998	0.7412	0.70391	0.56404	0.63899	0.67728	0.65452	0.48465	0.55535	0.6013	0.45541	0.672	0.49664	0.72458	0.73119	0.58767	0.59524	0.56994	0.59045	0.63184	0.69001	0.50079	0.52442	0.55471	0.70349	0.65798	0.55246	0.73869	0.46955	0.50558	0.71885	0.53473	0.62277	0.65691	0.54136	0.48677	
D00319	0.43848	0.62437	0.58089	0.58316	0.54708	0.55104	0.6212	0.47829	0.58395	0.54959	0.65188	0.57513	0.5352	0.53516	0.65636	1.0	0.56334	0.57389	0.59639	0.47735	0.6306	0.64161	0.55742	0.55129	0.65242	0.87713	0.68683	0.56606	0.55353	0.71228	0.57428	0.48308	0.49991	0.57527	0.52921	0.57304	0.4697	0.86322	0.84104	0.57403	0.57023	0.55987	0.56594	0.56643	0.57023	0.51604	0.5781	0.54531	0.59468	0.54197	0.60316	0.65124	0.50572	0.51383	0.57635	0.55007	0.59409	0.62101	0.50929	0.47979	
D00326	0.42851	0.67056	0.70102	0.61877	0.72067	0.65151	0.68221	0.60191	0.69321	0.62825	0.76114	0.69647	0.69672	0.58342	0.63645	0.67351	1.0	0.75514	0.65145	0.50918	0.73269	0.73793	0.71875	0.58577	0.65152	0.64946	0.72005	0.58492	0.57272	0.70063	0.60326	0.58638	0.60998	0.63608	0.52296	0.62554	0.54958	0.6589	0.68449	0.63714	0.61347	0.63012	0.63933	0.62385	0.5958	0.5109	0.55827	0.58801	0.63063	0.55929	0.60305	0.7862	0.48896	0.55165	0.65121	0.67836	0.65442	0.64688	0.55487	0.48028	
D00329	0.43286	0.6833	0.71627	0.5903	0.61558	0.60115	0.66	0.57282	0.64933	0.6804	0.76255	0.67746	0.79151	0.65344	0.58504	0.61626	0.68875	1.0	0.59756	0.47972	0.66993	0.67853	0.88846	0.58754	0.58997	0.60362	0.71286	0.51407	0.63089	0.7038	0.61573	0.5647	0.54393	0.61437	0.4836	0.71326	0.48588	0.61671	0.67494	0.60115	0.63692	0.59731	0.64437	0.61878	0.60872	0.5012	0.57875	0.55471	0.63774	0.56486	0.56553	0.73747	0.50958	0.55909	0.61599	0.72096	0.63584	0.61946	0.52747	0.50066	
D00331	0.43336	0.62852	0.66454	0.57237	0.63808	0.57016	0.66819	0.5555	0.63881	0.64188	0.6618	0.61548	0.56647	0.52575	0.62684	0.66419	0.60038	0.62601	1.0	0.49631	0.6817	0.67955	0.61309	0.74421	0.58655	0.65171	0.72935	0.60411	0.57538	0.65246	0.58454	0.53136	0.56527	0.64202	0.50075	0.58973	0.50161	0.63925	0.6666	0.67028	0.56647	0.59372	0.58812	0.60277	0.56469	0.50563	0.5456	0.60724	0.6078	0.561	0.66244	0.69875	0.45836	0.55478	0.63938	0.67149	0.65107	0.62956	0.65093	0.47646	
D00332	0.57557	0.68727	0.71922	0.68061	0.75528	0.63597	0.69075	0.65877	0.6533	0.60239	0.72124	0.65581	0.66959	0.65435	0.70984	0.71464	0.6732	0.68247	0.70057	1.0	0.7381	0.74304	0.69728	0.69258	0.65528	0.71166	0.69113	0.62386	0.68579	0.70635	0.64263	0.6426	0.75217	0.71521	0.63457	0.65984	0.74039	0.70763	0.71646	0.68281	0.67697	0.64266	0.73001	0.68123	0.60887	0.75186	0.75932	0.64403	0.64266	0.68123	0.61173	0.71147	0.66402	0.65435	0.65099	0.66154	0.74706	0.73252	0.598	0.69384	
D00335	0.42558	0.52152	0.57342	0.55214	0.81441	0.56897	0.58964	0.55884	0.57427	0.49422	0.5649	0.53659	0.54391	0.55765	0.59795	0.58551	0.5899	0.58726	0.57648	0.48258	1.0	0.94068	0.58367	0.59023	0.63914	0.60305	0.61435	0.55057	0.49738	0.53167	0.53682	0.54041	0.66216	0.54707	0.47549	0.48756	0.55057	0.61547	0.69514	0.57932	0.57562	0.52222	0.50807	0.49814	0.52222	0.47909	0.57193	0.47941	0.54358	0.49716	0.58347	0.65795	0.44365	0.5473	0.56907	0.53672	0.51133	0.60168	0.46851	0.45795	
D00336	0.42158	0.55562	0.57161	0.55791	0.74905	0.54141	0.56943	0.55174	0.61627	0.48078	0.58595	0.52089	0.57835	0.55093	0.58906	0.5776	0.58145	0.57895	0.55864	0.47987	0.91934	1.0	0.56544	0.57165	0.62836	0.60431	0.62172	0.51451	0.50369	0.52634	0.52686	0.5343	0.64003	0.54091	0.46306	0.48459	0.53411	0.62586	0.68549	0.56132	0.53761	0.52315	0.50369	0.524	0.5177	0.47657	0.56444	0.47657	0.53326	0.50378	0.56525	0.64792	0.45314	0.51111	0.56173	0.521	0.49698	0.58272	0.45645	0.45625	
D00338	0.43748	0.67578	0.70774	0.59382	0.61085	0.59055	0.65246	0.56705	0.61952	0.67767	0.74406	0.6396	0.80488	0.64963	0.5765	0.60827	0.65819	0.89794	0.59366	0.48355	0.67385	0.67213	1.0	0.60974	0.58183	0.60751	0.71537	0.50535	0.55367	0.68319	0.59762	0.56618	0.54532	0.5958	0.46972	0.68329	0.48985	0.62004	0.66036	0.62368	0.6272	0.59213	0.64034	0.60819	0.57663	0.49453	0.5727	0.5623	0.63355	0.54551	0.601	0.74082	0.50269	0.54747	0.56858	0.71923	0.6316	0.6132	0.52101	0.49355	
D00340	0.4613	0.67056	0.6745	0.59116	0.67951	0.55924	0.69616	0.56912	0.62631	0.61723	0.67091	0.58984	0.59631	0.60211	0.60949	0.66147	0.58577	0.66341	0.79528	0.51685	0.73302	0.72813	0.67774	1.0	0.63629	0.68306	0.71184	0.57543	0.5909	0.64955	0.5681	0.5707	0.55839	0.57049	0.5053	0.57355	0.52446	0.70211	0.72076	0.72691	0.56403	0.54738	0.58886	0.5598	0.52971	0.49476	0.5739	0.59568	0.57813	0.55827	0.79863	0.68719	0.47282	0.55114	0.64991	0.66785	0.61112	0.63773	0.64528	0.47744	
D00345	0.42424	0.55355	0.6039	0.57395	0.58579	0.57162	0.66093	0.54695	0.62969	0.54671	0.73333	0.59657	0.60735	0.62233	0.63187	0.67784	0.561	0.57187	0.54129	0.42897	0.70678	0.71371	0.55467	0.54577	1.0	0.61825	0.66557	0.54985	0.53726	0.6144	0.5996	0.53841	0.59303	0.60919	0.50637	0.53632	0.47187	0.64104	0.67798	0.54628	0.56796	0.65763	0.57468	0.60053	0.59448	0.51443	0.57598	0.51482	0.56638	0.52491	0.60274	0.67089	0.51035	0.55878	0.57332	0.59829	0.52754	0.62139	0.46348	0.47571	
D00349	0.43548	0.58973	0.5744	0.58513	0.57361	0.53778	0.62439	0.46976	0.58765	0.54865	0.57737	0.53919	0.51209	0.51631	0.6843	0.85275	0.52753	0.54672	0.57043	0.4678	0.63311	0.6541	0.54248	0.56113	0.5776	1.0	0.67537	0.49512	0.51847	0.64503	0.55687	0.47223	0.48909	0.52671	0.50635	0.58731	0.46046	0.83913	0.83299	0.5847	0.54639	0.5212	0.55278	0.53013	0.57999	0.49868	0.5536	0.53299	0.57503	0.5536	0.54226	0.60544	0.48381	0.49123	0.57361	0.54982	0.57977	0.58607	0.50999	0.47511	
D00351	0.41615	0.60395	0.57073	0.55496	0.51816	0.51833	0.55245	0.48519	0.62479	0.50119	0.60863	0.56378	0.49531	0.46042	0.54804	0.5549	0.52243	0.557	0.55617	0.4025	0.52198	0.55135	0.55374	0.5098	0.52125	0.55992	1.0	0.46293	0.4713	0.57013	0.54262	0.47999	0.44993	0.50972	0.41814	0.51248	0.42215	0.5533	0.53687	0.53499	0.49038	0.51549	0.45489	0.51215	0.49883	0.42443	0.47113	0.44084	0.49113	0.48779	0.4877	0.63148	0.42233	0.45246	0.51841	0.52613	0.49843	0.57564	0.44117	0.39153	
D00354	0.44031	0.61313	0.69851	0.62591	0.63299	0.70926	0.72384	0.58405	0.68037	0.54802	0.70267	0.63322	0.61714	0.56456	0.68732	0.7186	0.63178	0.63547	0.70624	0.48651	0.73093	0.70655	0.62193	0.634	0.68564	0.6577	0.69383	1.0	0.55321	0.67278	0.66629	0.5857	0.63203	0.61444	0.51141	0.59652	0.63029	0.65677	0.67283	0.61839	0.65093	0.64883	0.57333	0.57352	0.59684	0.49905	0.49483	0.59606	0.66651	0.57232	0.63224	0.70511	0.47333	0.62252	0.67545	0.56077	0.59942	0.62646	0.59685	0.4409	
D00358	0.52768	0.7052	0.77622	0.66555	0.64901	0.69504	0.69364	0.58421	0.72646	0.63193	0.76873	0.73436	0.68645	0.59149	0.78304	0.7315	0.66644	0.78263	0.70815	0.57856	0.7003	0.71707	0.69152	0.68462	0.70021	0.70544	0.71953	0.59442	1.0	0.75049	0.69924	0.58783	0.63458	0.7253	0.59896	0.73876	0.51693	0.70176	0.70189	0.69597	0.72023	0.68435	0.72027	0.72325	0.66719	0.68164	0.6725	0.74563	0.71918	0.73107	0.63537	0.73591	0.50053	0.63378	0.74895	0.67107	0.69703	0.69317	0.68184	0.63788	
D00364	0.46465	0.64712	0.6811	0.59285	0.57947	0.61062	0.62248	0.51964	0.67637	0.67379	0.63892	0.74842	0.56581	0.57086	0.65918	0.7377	0.6101	0.6857	0.6072	0.48004	0.59931	0.61169	0.65603	0.55903	0.6144	0.6938	0.72022	0.53699	0.58754	1.0	0.59841	0.53723	0.51543	0.61037	0.5105	0.71724	0.44653	0.65813	0.68478	0.61062	0.59369	0.58224	0.58833	0.57559	0.59448	0.48909	0.54946	0.55303	0.65724	0.63913	0.5887	0.70191	0.48461	0.519	0.62557	0.64936	0.59266	0.61282	0.56602	0.46324	
D00367	0.46079	0.63625	0.84176	0.62778	0.58131	0.75814	0.66688	0.57861	0.78344	0.65155	0.76032	0.68258	0.61347	0.58495	0.73039	0.68445	0.61497	0.6916	0.6356	0.4669	0.67961	0.67758	0.66563	0.5681	0.69012	0.67186	0.74466	0.60771	0.60551	0.68894	1.0	0.58042	0.50977	0.68348	0.46585	0.69163	0.49014	0.6589	0.67368	0.63574	0.61449	0.74769	0.60653	0.66512	0.63961	0.47913	0.49116	0.56136	0.73053	0.60771	0.58688	0.69803	0.48896	0.53449	0.70695	0.63659	0.59549	0.62801	0.54487	0.4613	
D00373	0.42272	0.62077	0.6191	0.63415	0.61641	0.64683	0.63342	0.86565	0.7117	0.55802	0.67773	0.55409	0.61808	0.54284	0.55104	0.58477	0.575	0.63109	0.57221	0.46051	0.67569	0.68367	0.61702	0.55932	0.61989	0.58604	0.67626	0.51742	0.48541	0.6187	0.56031	1.0	0.59835	0.52533	0.46546	0.53325	0.54779	0.61135	0.63382	0.65979	0.55437	0.55487	0.51429	0.49926	0.56906	0.4714	0.4679	0.45473	0.48819	0.48408	0.53291	0.7031	0.49812	0.55802	0.57308	0.57435	0.47171	0.63427	0.45538	0.45507	
D00379	0.49589	0.58334	0.60072	0.62806	0.9061	0.51881	0.64079	0.61297	0.61661	0.45493	0.6626	0.56237	0.62388	0.5979	0.61225	0.59313	0.55103	0.60083	0.59591	0.56408	0.78992	0.78229	0.58603	0.53626	0.66545	0.59476	0.64043	0.55458	0.52394	0.58786	0.48764	0.58729	1.0	0.61234	0.53792	0.46278	0.66417	0.61002	0.67852	0.54894	0.56146	0.52857	0.58588	0.53933	0.5	0.55894	0.63368	0.54321	0.55954	0.49167	0.51251	0.6501	0.49104	0.62791	0.52802	0.50274	0.52923	0.66797	0.52812	0.51209	
D00380	0.50009	0.70533	0.79121	0.63864	0.67921	0.63682	0.70691	0.58542	0.70533	0.56945	0.76194	0.66789	0.67107	0.58315	0.70562	0.71087	0.67122	0.71869	0.72372	0.56102	0.71241	0.71873	0.69295	0.60564	0.72687	0.67303	0.72908	0.58874	0.66306	0.72806	0.71863	0.57085	0.66766	1.0	0.56828	0.61945	0.51402	0.67155	0.7127	0.6693	0.6196	0.58686	0.76839	0.76913	0.58529	0.59269	0.62526	0.688	0.72148	0.62582	0.57432	0.73785	0.53211	0.5826	0.70709	0.61818	0.69002	0.70445	0.62939	0.53661	
D00392	0.6147	0.69513	0.68955	0.64831	0.70762	0.65224	0.71645	0.65266	0.66047	0.60773	0.70611	0.668	0.68835	0.65562	0.66405	0.75803	0.68698	0.69224	0.6948	0.59852	0.7235	0.71912	0.66628	0.66931	0.70163	0.74208	0.69523	0.63502	0.67847	0.72776	0.62037	0.63617	0.71495	0.70962	1.0	0.60243	0.6161	0.73629	0.73133	0.72874	0.65299	0.70445	0.72135	0.65574	0.6031	0.79588	0.75335	0.62419	0.70498	0.59897	0.68469	0.68826	0.6778	0.7169	0.67975	0.62928	0.71067	0.73282	0.57848	0.67218	
D00394	0.47438	0.68985	0.78727	0.62493	0.54967	0.67757	0.67375	0.56521	0.75883	0.81751	0.75883	0.81575	0.6133	0.53661	0.76683	0.69329	0.64897	0.80809	0.66122	0.49802	0.64538	0.65529	0.77073	0.59698	0.64495	0.7255	0.72607	0.55917	0.67362	0.82587	0.71506	0.56739	0.50703	0.607	0.45306	1.0	0.48841	0.69889	0.69045	0.66227	0.64761	0.64971	0.62977	0.64817	0.75159	0.51101	0.55863	0.58069	0.73339	0.735	0.58307	0.75407	0.48662	0.55214	0.74565	0.78392	0.59926	0.63465	0.61678	0.5103	
D00418	0.53731	0.61347	0.60805	0.66458	0.73163	0.57155	0.66498	0.61532	0.63439	0.46755	0.63473	0.55578	0.59789	0.52731	0.61993	0.62224	0.59644	0.60727	0.60374	0.60305	0.73093	0.72615	0.60643	0.58303	0.60766	0.62304	0.65306	0.63029	0.47572	0.58232	0.54871	0.61607	0.74162	0.53971	0.49249	0.52575	1.0	0.66766	0.70095	0.60215	0.58073	0.54642	0.55202	0.47531	0.54642	0.51858	0.49483	0.49905	0.59631	0.49304	0.55137	0.66508	0.49405	0.54563	0.57638	0.52034	0.51895	0.64504	0.46139	0.47935	
D00437	0.4244	0.56975	0.55364	0.53706	0.56744	0.52112	0.5743	0.48769	0.55886	0.52015	0.55919	0.51124	0.49658	0.52168	0.64798	0.81726	0.52102	0.54011	0.53967	0.45485	0.62298	0.65431	0.53578	0.56424	0.57976	0.81615	0.65143	0.4806	0.5026	0.5892	0.52756	0.48114	0.48747	0.5107	0.49117	0.54569	0.49148	1.0	0.91558	0.56401	0.52858	0.5154	0.53493	0.51359	0.54935	0.49451	0.54659	0.51628	0.55589	0.5347	0.55735	0.57281	0.48083	0.47727	0.55422	0.53114	0.56037	0.57539	0.48372	0.47296	
D00438	0.38572	0.5279	0.53542	0.52715	0.57149	0.49842	0.55586	0.46093	0.53959	0.47931	0.55787	0.49899	0.48622	0.48721	0.60713	0.76269	0.50818	0.55088	0.52295	0.44221	0.6429	0.65284	0.52976	0.54446	0.56697	0.77422	0.59039	0.46388	0.47335	0.58683	0.50391	0.46405	0.51528	0.51681	0.46361	0.50109	0.492	0.8764	1.0	0.52598	0.50421	0.48166	0.50119	0.50128	0.51349	0.45477	0.53841	0.47602	0.52835	0.49172	0.52059	0.54402	0.45479	0.46075	0.55391	0.49796	0.5136	0.53426	0.44826	0.42952	
D00451	0.50436	0.66976	0.66072	0.60791	0.60688	0.57393	0.69547	0.64841	0.64746	0.59611	0.65913	0.58969	0.5677	0.54148	0.63508	0.65877	0.60485	0.64856	0.70091	0.48031	0.69957	0.69647	0.66254	0.70538	0.60965	0.68224	0.71972	0.53959	0.57756	0.67398	0.60344	0.63826	0.53818	0.6047	0.54573	0.60845	0.52429	0.6789	0.6827	1.0	0.52273	0.5983	0.53212	0.5763	0.583	0.50544	0.50073	0.59067	0.61202	0.62501	0.67852	0.67716	0.47045	0.54195	0.6206	0.61296	0.54459	0.63765	0.65155	0.42926	
D00456	0.43412	0.74265	0.66832	0.64793	0.59806	0.70209	0.68969	0.55858	0.70834	0.62803	0.72105	0.70256	0.72762	0.57762	0.6806	0.68887	0.62519	0.72227	0.62775	0.50798	0.72593	0.7012	0.69704	0.57574	0.66754	0.67645	0.69819	0.60264	0.63574	0.69327	0.6262	0.57713	0.59465	0.59546	0.49608	0.63554	0.53245	0.67412	0.68704	0.56579	1.0	0.57375	0.66795	0.65254	0.60858	0.53616	0.5496	0.57099	0.62416	0.56676	0.5433	0.72063	0.46209	0.6114	0.66969	0.66303	0.6571	0.63119	0.57063	0.51884	
D00464	0.45075	0.61776	0.73266	0.62141	0.65467	0.79343	0.70891	0.57472	0.70973	0.64729	0.75246	0.67196	0.60173	0.64571	0.65529	0.67683	0.65133	0.68266	0.655	0.47367	0.67252	0.67963	0.66985	0.55909	0.75721	0.6399	0.72331	0.60055	0.59986	0.68001	0.75941	0.58635	0.56176	0.56272	0.55732	0.63764	0.49814	0.64989	0.65796	0.64136	0.57375	1.0	0.54944	0.56676	0.68698	0.53668	0.56624	0.51953	0.64447	0.58444	0.65702	0.68029	0.51461	0.55941	0.68384	0.64693	0.53858	0.62175	0.554	0.51937	
D00474	0.54946	0.74876	0.7388	0.64636	0.71891	0.66444	0.72423	0.617	0.69215	0.6344	0.7714	0.71081	0.78728	0.57127	0.74219	0.74391	0.73305	0.79611	0.72089	0.62277	0.71098	0.71707	0.78607	0.68258	0.73762	0.73974	0.70312	0.61454	0.72027	0.75128	0.70025	0.61672	0.69652	0.83264	0.62943	0.70446	0.59322	0.73409	0.72973	0.65054	0.75244	0.63393	1.0	0.80796	0.65056	0.6612	0.67011	0.76807	0.77065	0.69083	0.6045	0.76541	0.48076	0.61418	0.7335	0.7076	0.73769	0.6743	0.68118	0.63855	
D00477	0.49827	0.72497	0.75037	0.64598	0.61841	0.66289	0.6848	0.58201	0.72497	0.54683	0.81589	0.75469	0.71797	0.54862	0.75513	0.71897	0.68243	0.74206	0.7049	0.54388	0.67851	0.71604	0.7169	0.61837	0.73632	0.69271	0.74306	0.57352	0.72325	0.71138	0.7142	0.56754	0.61678	0.79482	0.53213	0.68551	0.47531	0.68977	0.71023	0.66242	0.70082	0.61504	0.76675	1.0	0.6483	0.61678	0.66933	0.69427	0.66598	0.63208	0.55533	0.75447	0.57072	0.60539	0.67545	0.63214	0.69524	0.67335	0.57971	0.6154	
D00480	0.41591	0.63082	0.6917	0.60252	0.61308	0.64136	0.68998	0.57574	0.72105	0.69875	0.72001	0.71926	0.52333	0.59477	0.77536	0.68887	0.60752	0.69408	0.62597	0.43989	0.67252	0.68129	0.65435	0.54142	0.69406	0.71005	0.70665	0.54856	0.5827	0.69406	0.64286	0.59182	0.53319	0.56115	0.44619	0.73952	0.49814	0.69489	0.69632	0.62606	0.60858	0.6772	0.56607	0.60002	1.0	0.48679	0.53193	0.519	0.62626	0.60212	0.56195	0.6809	0.42883	0.49237	0.72587	0.66618	0.52143	0.62175	0.57063	0.45127	
D00495	0.54311	0.7016	0.70977	0.65408	0.74489	0.64709	0.74084	0.64654	0.66764	0.54835	0.7246	0.67769	0.66647	0.66966	0.69995	0.72791	0.66319	0.70036	0.68947	0.71393	0.71958	0.72551	0.68883	0.64705	0.72264	0.72629	0.70152	0.60893	0.75824	0.6973	0.63142	0.63073	0.7249	0.72118	0.77691	0.64793	0.62846	0.73196	0.70965	0.67769	0.681	0.68153	0.7378	0.72666	0.63163	1.0	0.84259	0.59728	0.64826	0.60893	0.66406	0.71441	0.65003	0.72969	0.67499	0.62931	0.66941	0.71616	0.53351	0.86495	
D00499	0.47995	0.69134	0.68564	0.65499	0.74622	0.57155	0.69485	0.5482	0.63577	0.50659	0.72531	0.64806	0.61557	0.64444	0.6496	0.73065	0.61684	0.70204	0.64773	0.62197	0.7523	0.75648	0.68928	0.63248	0.71177	0.71617	0.70204	0.49483	0.6313	0.68525	0.54973	0.53618	0.71113	0.65096	0.62973	0.59598	0.49483	0.72276	0.74736	0.58685	0.59789	0.61452	0.62891	0.66933	0.58021	0.73271	1.0	0.54049	0.58073	0.53661	0.61755	0.71504	0.59225	0.64384	0.63343	0.55965	0.5793	0.70194	0.49924	0.68783	
D00504	0.62233	0.74724	0.74877	0.65408	0.71701	0.67722	0.71286	0.64654	0.69063	0.78911	0.74724	0.72061	0.75015	0.60715	0.75386	0.76565	0.72859	0.75386	0.79108	0.60609	0.7199	0.72551	0.7566	0.74798	0.72303	0.76059	0.71793	0.70594	0.82223	0.76124	0.71366	0.61406	0.70918	0.76509	0.58626	0.71761	0.60893	0.75373	0.7372	0.75419	0.71584	0.66437	0.84467	0.80415	0.66385	0.59728	0.65037	1.0	0.76783	0.78522	0.74494	0.73397	0.58338	0.6482	0.72696	0.83019	0.85812	0.66331	0.83871	0.59785	
D00512	0.48506	0.67089	0.78215	0.6127	0.61178	0.67243	0.67016	0.50761	0.70834	0.68588	0.69585	0.70256	0.63394	0.57657	0.78884	0.71333	0.65388	0.7231	0.66907	0.47367	0.69389	0.69109	0.71127	0.58985	0.66596	0.69696	0.70413	0.61823	0.63469	0.75681	0.74225	0.51095	0.59273	0.69734	0.54807	0.72132	0.54803	0.69377	0.7056	0.66585	0.62416	0.64447	0.68616	0.62696	0.63604	0.50342	0.53245	0.62299	1.0	0.65254	0.5943	0.78985	0.47977	0.52668	0.71345	0.67046	0.65815	0.63147	0.62262	0.4518	
D00513	0.46102	0.66835	0.72424	0.66429	0.60469	0.67866	0.71408	0.56638	0.72497	0.64444	0.70267	0.73939	0.61557	0.52611	0.78126	0.69451	0.61786	0.68815	0.66313	0.54388	0.67753	0.69583	0.66209	0.61684	0.6607	0.71617	0.7187	0.57232	0.68986	0.77492	0.66629	0.55236	0.56912	0.65152	0.47535	0.77235	0.49304	0.71088	0.70067	0.71113	0.61504	0.63272	0.64962	0.63208	0.6504	0.49905	0.53388	0.67534	0.70082	1.0	0.5852	0.74484	0.4556	0.54563	0.71791	0.6327	0.63906	0.68278	0.65601	0.49805	
D00519	0.47075	0.62077	0.6573	0.57804	0.6606	0.53926	0.67276	0.55932	0.60979	0.62272	0.64445	0.59905	0.52103	0.59186	0.61885	0.70486	0.59167	0.63191	0.7033	0.42965	0.71874	0.71462	0.65929	0.78725	0.68422	0.65606	0.68397	0.56396	0.53294	0.67017	0.5755	0.53291	0.52357	0.5288	0.51399	0.54893	0.48309	0.68756	0.69036	0.68928	0.52054	0.63426	0.50208	0.48705	0.53919	0.50474	0.54927	0.58561	0.57154	0.51692	1.0	0.68384	0.51429	0.54284	0.65886	0.62288	0.53641	0.6154	0.63429	0.47224	
D00521	0.39323	0.63051	0.58036	0.54794	0.59648	0.49767	0.57531	0.51653	0.62179	0.50611	0.65037	0.56598	0.57217	0.48594	0.63387	0.58136	0.62548	0.63266	0.57297	0.44593	0.62999	0.64093	0.62901	0.52646	0.58005	0.54953	0.70076	0.50945	0.51929	0.61106	0.53731	0.54937	0.5277	0.55616	0.42971	0.57937	0.46942	0.53787	0.57014	0.5374	0.55292	0.51258	0.54878	0.5588	0.51319	0.46285	0.51938	0.48241	0.62214	0.54918	0.53011	1.0	0.44946	0.47662	0.54803	0.54593	0.53226	0.55836	0.46294	0.43296	
D00524	0.50657	0.6695	0.63548	0.65566	0.63399	0.5731	0.69525	0.57654	0.62456	0.50938	0.68082	0.58747	0.56426	0.57065	0.62129	0.68369	0.58268	0.66132	0.59114	0.55678	0.64656	0.66652	0.64841	0.56654	0.67329	0.67077	0.67055	0.51454	0.50053	0.64756	0.58268	0.60054	0.60169	0.59635	0.5983	0.5613	0.53526	0.67998	0.68333	0.58887	0.54658	0.5991	0.48076	0.62566	0.52415	0.57343	0.63346	0.50678	0.56426	0.49681	0.61672	0.66609	1.0	0.5632	0.59153	0.54045	0.52609	0.69317	0.441	0.57256	
D00528	0.46818	0.66119	0.6775	0.64921	0.70895	0.69864	0.73658	0.63757	0.6955	0.53559	0.72947	0.65367	0.68891	0.66	0.63835	0.67485	0.62194	0.69186	0.66713	0.5148	0.73518	0.71026	0.66589	0.62143	0.70363	0.66194	0.68914	0.63626	0.60533	0.66385	0.60478	0.63769	0.71643	0.62114	0.60309	0.60193	0.55937	0.6611	0.67623	0.63884	0.67175	0.61976	0.58573	0.61913	0.55272	0.63012	0.65757	0.54862	0.58703	0.55937	0.6225	0.67927	0.52322	1.0	0.6236	0.60232	0.55024	0.67739	0.55067	0.56927	
D00530	0.42861	0.58012	0.67307	0.57786	0.60023	0.63319	0.67306	0.53268	0.64666	0.62018	0.64805	0.64777	0.53815	0.56159	0.72834	0.63567	0.59909	0.63496	0.62942	0.43381	0.66677	0.67553	0.57829	0.59016	0.60953	0.64677	0.68582	0.5692	0.60954	0.66178	0.64721	0.52329	0.48819	0.61747	0.48866	0.66599	0.48341	0.64614	0.69104	0.59073	0.59998	0.61414	0.59409	0.56592	0.65616	0.48579	0.52389	0.55767	0.64374	0.60837	0.60908	0.66683	0.45212	0.50411	1.0	0.61988	0.54509	0.59808	0.55824	0.44276	
D00533	0.50009	0.75062	0.71558	0.62033	0.6938	0.66742	0.70661	0.61923	0.68407	0.90852	0.76229	0.71269	0.73389	0.63682	0.63905	0.68567	0.70179	0.82528	0.7532	0.50735	0.70206	0.69882	0.81638	0.70299	0.71598	0.69614	0.74549	0.53507	0.60683	0.76705	0.67173	0.61987	0.55806	0.61818	0.47509	0.79636	0.49464	0.692	0.69386	0.66883	0.68717	0.67107	0.64335	0.61685	0.69032	0.50082	0.53395	0.7017	0.64632	0.607	0.6684	0.72762	0.4762	0.57419	0.69293	1.0	0.70317	0.62868	0.66479	0.50065	
D00536	0.53812	0.76794	0.7329	0.64284	0.69956	0.65835	0.69136	0.59322	0.67701	0.70476	0.73328	0.67365	0.7393	0.56385	0.76503	0.76358	0.72471	0.77809	0.77363	0.62905	0.70673	0.70325	0.76761	0.69312	0.68144	0.75861	0.74088	0.62689	0.68228	0.74655	0.67749	0.56275	0.62881	0.7186	0.59265	0.6615	0.54642	0.75186	0.73561	0.64352	0.72952	0.61101	0.72293	0.72271	0.60363	0.5809	0.60677	0.7696	0.73057	0.66653	0.62745	0.7419	0.51134	0.576	0.67212	0.75456	1.0	0.69	0.68657	0.5394	
D00537	0.42348	0.57283	0.52519	0.5834	0.53165	0.47408	0.51476	0.46513	0.49677	0.40776	0.53538	0.47408	0.45194	0.44608	0.53742	0.53471	0.47428	0.49997	0.49015	0.45467	0.55521	0.55616	0.48707	0.46513	0.51518	0.51305	0.62759	0.42066	0.46746	0.50661	0.45541	0.46831	0.50865	0.51193	0.46728	0.44877	0.43925	0.52228	0.54079	0.48496	0.45194	0.44251	0.44859	0.46755	0.44251	0.45159	0.49615	0.40441	0.45223	0.47699	0.44944	0.53844	0.46746	0.46495	0.46531	0.43616	0.47093	1.0	0.40479	0.41376	
D00538	0.52779	0.7008	0.69639	0.61561	0.65897	0.66037	0.71187	0.57876	0.68914	0.76685	0.68914	0.7211	0.68031	0.54506	0.71206	0.70421	0.66253	0.69817	0.80413	0.51502	0.68645	0.68405	0.68616	0.76243	0.64453	0.71321	0.70094	0.66552	0.71248	0.74707	0.66202	0.58056	0.66089	0.71933	0.49865	0.71636	0.53007	0.6982	0.68986	0.78073	0.67926	0.66263	0.71182	0.64839	0.67926	0.48372	0.56791	0.78892	0.73125	0.72468	0.75948	0.69355	0.47164	0.60757	0.71558	0.75474	0.73083	0.64378	1.0	0.46063	
D00539	0.53016	0.7031	0.71108	0.67425	0.73217	0.63334	0.72231	0.63158	0.68011	0.58959	0.72574	0.69407	0.70147	0.6913	0.71438	0.71709	0.66539	0.72827	0.69094	0.7148	0.72098	0.72654	0.717	0.66488	0.71108	0.7271	0.68594	0.59199	0.76044	0.6986	0.64874	0.64854	0.71125	0.70365	0.71201	0.68456	0.63043	0.7334	0.7103	0.6338	0.69989	0.70042	0.76111	0.76648	0.63232	0.92186	0.79771	0.65475	0.63285	0.66287	0.6657	0.70549	0.69512	0.71152	0.66184	0.66768	0.67217	0.69824	0.56021	1.0	
